City,Latitude,Longitude,Temperature,Humidity,Cloudiness,Wind Speed,Max Temp
male,4.17,73.51,82.4,69,5,12.75,82.4
la mira,18.04,-102.33,73.98,83,90,8.03,73.98
henties bay,-22.12,14.28,63.0,92,73,1.99,63.0
rikitea,-23.12,-134.97,79.14,79,100,13.82,79.14
cape town,-33.93,18.42,64.69,72,58,20.8,68.0
terralba,39.72,8.64,48.2,100,10,6.93,48.2
katsuura,35.13,140.3,53.24,34,20,18.34,53.6
busselton,-33.65,115.33,75.24,22,0,8.59,78.01
ribeira grande,38.52,-28.7,61.27,89,100,21.99,61.27
praia da vitoria,38.73,-27.07,66.2,88,75,27.98,66.2
laguna,38.42,-121.42,53.2,87,1,2.19,57.2
namibe,-15.2,12.15,75.43,88,100,1.12,75.43
bluff,-46.6,168.33,75.99,55,100,15.99,75.99
chuy,-33.7,-53.46,64.81,82,0,5.64,64.81
broome,42.25,-75.83,31.91,86,90,4.7,34.0
hirara,24.8,125.28,63.46,45,40,8.05,64.4
hobart,-42.88,147.33,69.62,68,75,17.22,73.0
avarua,-21.21,-159.78,82.4,78,41,6.93,82.4
kloulklubed,7.04,134.26,87.8,58,75,6.93,87.8
punta arenas,-53.15,-70.92,52.45,71,75,8.05,53.01
port hardy,50.7,-127.42,51.8,87,75,4.7,51.8
nikolskoye,59.7,30.79,22.39,85,90,4.47,23.0
barrow,71.29,-156.79,-20.2,68,20,4.7,-20.2
paamiut,61.99,-49.67,13.91,63,81,10.6,13.91
dikson,73.51,80.55,-9.47,93,95,9.28,-9.47
cabo san lucas,22.89,-109.91,62.71,48,90,3.36,64.99
ushuaia,-54.8,-68.3,53.6,66,75,18.34,53.6
digby,44.62,-65.77,21.99,83,0,6.98,21.99
wad madani,14.4,33.52,59.85,25,0,10.4,59.85
ngunguru,-35.62,174.5,80.74,74,0,4.0,84.99
hilo,19.73,-155.09,71.24,69,90,4.7,75.2
ponta delgada,37.73,-25.67,64.4,100,75,20.8,64.4
vila franca do campo,37.72,-25.43,64.4,100,75,20.8,64.4
kapaa,22.08,-159.32,74.05,73,90,11.41,75.2
bredasdorp,-34.53,20.04,65.82,77,22,4.7,66.2
kavieng,-2.57,150.8,84.04,78,68,11.81,84.04
byron bay,-28.65,153.62,88.16,62,0,14.99,91.4
luderitz,-26.65,15.16,66.2,77,100,16.11,66.2
yellowknife,62.46,-114.35,-11.09,76,20,3.36,-11.0
butaritari,3.07,172.79,84.72,76,0,15.57,84.72
los llanos de aridane,28.66,-17.92,66.74,34,0,3.36,69.01
nguru,12.88,10.45,61.05,17,86,9.82,61.05
bantou,26.22,117.49,56.84,45,3,0.81,56.84
carnarvon,-24.87,113.63,80.6,44,0,21.92,80.6
san andres,12.58,-81.7,80.6,74,20,8.05,80.6
najran,17.49,44.13,53.6,37,0,2.24,53.6
trowbridge,51.32,-2.21,49.82,93,75,13.87,51.01
mataura,-46.19,168.86,75.99,55,100,15.99,75.99
garissa,-0.45,39.64,76.57,80,100,11.59,76.57
clyde river,70.47,-68.59,-23.8,74,90,6.93,-23.8
thompson,55.74,-97.86,23.0,92,90,6.93,23.0
fortuna,40.6,-124.16,50.45,93,1,1.99,51.8
isangel,-19.55,169.27,87.8,66,75,5.82,87.8
chinsali,-10.54,32.08,63.9,98,100,2.53,63.9
ingham,42.6,-84.38,26.67,86,1,3.58,32.0
jamestown,42.1,-79.24,28.08,92,90,3.36,32.0
tuktoyaktuk,69.45,-133.04,-31.0,73,20,8.05,-31.0
pandan,14.05,124.17,75.58,74,89,21.94,75.58
petropavlovsk-kamchatskiy,53.05,158.65,17.6,34,0,2.24,17.6
hasaki,35.73,140.83,52.61,32,20,16.11,54.0
new norfolk,-42.78,147.06,69.62,68,75,17.22,73.0
faanui,-16.48,-151.75,79.81,82,100,28.86,79.81
pangkalanbuun,-2.68,111.62,89.58,56,90,2.75,89.58
east london,-33.02,27.91,71.6,83,20,8.05,71.6
waingapu,-9.66,120.26,83.48,73,41,6.44,83.48
sembakung,3.82,117.25,84.74,62,100,6.64,84.74
yeppoon,-23.13,150.73,87.8,52,75,9.17,87.8
beringovskiy,63.05,179.32,-17.36,95,100,20.07,-17.36
kaniama,-7.57,24.18,66.33,95,100,1.14,66.33
bichena,10.45,38.2,50.29,64,100,2.48,50.29
pabrade,55.0,25.78,35.85,100,90,8.05,36.0
dryden,49.78,-92.75,26.6,86,90,17.22,26.6
muzhi,65.37,64.67,-12.84,98,100,11.1,-12.84
kahului,20.89,-156.47,73.44,57,40,11.41,78.8
puerto madero,14.72,-92.42,75.2,94,5,6.96,75.2
arraial do cabo,-22.97,-42.03,75.2,94,40,4.7,75.2
bambous virieux,-20.34,57.76,79.9,83,75,10.29,81.0
kambove,-10.88,26.6,60.12,97,100,3.2,60.12
te anau,-45.42,167.72,62.67,75,100,11.34,62.67
atar,20.52,-13.05,61.83,11,0,12.21,61.83
victoria,22.29,114.16,64.22,52,20,14.99,69.01
sicuani,-14.27,-71.23,38.19,90,100,2.3,38.19
innisfail,-17.53,146.03,84.99,54,87,8.01,84.99
xining,36.62,101.77,21.9,76,98,4.07,21.9
tiksi,71.69,128.87,-15.59,90,100,3.85,-15.59
bethel,41.37,-73.41,34.32,86,90,1.45,37.99
devonport,-41.17,146.35,66.11,86,100,4.0,69.01
polyarnyy,69.2,33.45,-7.6,76,40,2.24,-7.6
albany,42.6,-73.97,31.51,74,90,0.45,35.6
puerto colombia,10.99,-74.95,80.6,83,0,10.29,80.6
mar del plata,-38.0,-57.56,69.64,56,87,10.29,71.01
sorland,67.67,12.69,39.45,87,100,37.69,39.45
fairbanks,64.84,-147.72,-16.6,75,90,1.21,-14.8
saskylakh,71.92,114.08,-24.2,97,100,8.66,-24.2
hithadhoo,-0.6,73.08,81.75,71,100,13.22,81.75
lovington,32.94,-103.35,33.31,55,1,8.05,36.0
hakui,36.88,136.78,40.42,80,75,2.24,44.6
ilulissat,69.22,-51.1,3.2,84,60,6.93,3.2
vaini,-21.2,-175.2,84.2,79,75,13.87,84.2
nicolas bravo,18.45,-88.92,78.8,83,20,5.82,78.8
ancud,-41.87,-73.82,60.8,100,90,12.75,60.8
port-gentil,-0.72,8.78,82.24,77,100,7.2,82.24
salalah,17.02,54.09,66.2,52,0,2.24,66.2
cherskiy,68.75,161.3,-29.58,98,0,4.12,-29.58
iqaluit,63.75,-68.51,-4.0,76,90,8.3,-4.0
cidreira,-30.18,-50.21,75.38,79,0,0.43,75.38
ola,59.58,151.28,-1.91,79,0,0.96,-1.91
longyearbyen,78.22,15.64,23.0,79,90,20.8,23.0
hofn,64.25,-15.21,36.32,67,100,13.69,36.32
gamba,-2.65,10.0,76.71,92,100,3.47,76.71
pervomayskoye,43.92,46.71,37.53,84,100,13.15,37.53
tasiilaq,65.61,-37.64,23.0,53,100,29.97,23.0
jinka,5.65,36.65,71.85,66,100,3.69,71.85
zyryanka,65.75,150.85,-12.42,97,100,0.13,-12.42
kaeo,-35.1,173.78,84.13,54,0,3.0,90.0
chokurdakh,70.63,147.92,-24.39,95,100,3.56,-24.39
naica,27.85,-105.48,48.02,40,0,12.46,48.02
oranjemund,-28.55,16.43,63.23,86,97,11.5,63.23
moussoro,13.64,16.49,61.11,14,10,13.91,61.11
upernavik,72.79,-56.15,-14.35,98,97,7.29,-14.35
port alfred,-33.59,26.89,71.01,92,99,1.99,71.01
progreso,21.28,-89.67,75.09,88,75,6.93,75.2
tuatapere,-46.13,167.68,75.99,55,100,15.99,75.99
airai,-8.93,125.41,77.83,75,100,2.48,77.83
jiuquan,39.74,98.52,18.95,41,100,2.08,18.95
trincomalee,8.57,81.23,78.39,71,36,3.96,78.39
hermanus,-34.42,19.23,63.84,84,94,1.99,64.99
dzhebariki-khaya,62.22,135.8,-13.34,97,100,3.31,-13.34
sola,-13.88,167.55,87.8,74,75,4.7,87.8
ormara,25.21,64.64,69.89,32,0,7.65,69.89
belaya gora,68.53,146.42,-12.73,96,100,8.43,-12.73
svetlogorsk,52.63,29.73,33.39,98,100,4.21,33.39
olinda,-8.01,-34.86,84.2,70,40,5.82,84.2
caravelas,-17.71,-39.25,79.57,84,0,12.88,79.57
shaki,41.08,47.17,41.04,69,100,6.93,44.6
chimbote,-9.09,-78.58,73.35,75,100,3.58,73.35
medicine hat,50.05,-110.67,43.45,70,5,16.11,44.01
mahebourg,-20.41,57.7,79.84,83,75,10.29,81.0
saldanha,-33.01,17.94,59.0,87,0,5.82,59.0
port elizabeth,-33.92,25.57,68.0,94,70,8.05,68.0
malartic,48.13,-78.13,20.43,92,90,6.93,21.2
sur,22.57,59.53,62.35,66,0,3.31,62.35
kandrian,-6.22,149.55,85.91,75,69,7.11,85.91
mount isa,-20.73,139.5,89.6,52,40,5.82,89.6
ornes,66.87,13.71,37.99,60,100,17.22,39.2
mandawar,29.5,78.13,49.82,76,0,4.68,49.82
talnakh,69.49,88.4,-27.4,74,75,8.95,-27.4
georgetown,5.41,100.34,86.67,70,20,4.7,87.8
atuona,-9.8,-139.03,81.66,74,33,15.14,81.66
portland,45.52,-122.68,57.47,67,90,4.7,60.8
conakry,9.54,-13.68,75.31,76,91,2.1,75.31
akoupe,6.39,-3.9,72.07,97,74,2.24,72.07
barra do garcas,-15.89,-52.26,74.34,83,66,0.45,74.34
cochrane,51.18,-114.47,31.39,86,1,3.36,39.0
iquique,-20.22,-70.14,71.6,68,8,10.29,71.6
coquimbo,-29.95,-71.34,62.6,82,0,9.17,62.6
richards bay,-28.78,32.04,75.65,76,0,17.45,75.65
lorengau,-2.02,147.27,83.68,79,100,20.22,83.68
polewali,-3.43,119.34,84.36,62,99,4.45,84.36
vardo,70.37,31.11,16.34,90,100,28.39,16.34
ndele,8.41,20.65,66.29,17,82,5.99,66.29
changping,40.22,116.22,39.2,21,13,11.18,39.2
oistins,13.07,-59.53,80.6,74,40,14.99,80.6
chapais,49.78,-74.85,5.0,84,90,4.68,5.0
kodiak,57.79,-152.41,17.6,57,75,19.46,17.6
kirakira,-10.45,161.92,78.06,92,100,11.5,78.06
ahipara,-35.17,173.17,90.0,54,16,3.0,90.0
cockburn town,21.46,-71.14,78.84,76,33,13.56,78.84
kajaani,64.17,27.67,12.2,85,90,9.17,12.2
bengkulu,-3.8,102.27,87.87,56,0,1.07,87.87
severo-kurilsk,50.68,156.12,18.88,73,67,16.89,18.88
talcahuano,-36.72,-73.12,62.6,88,0,12.75,62.6
chama,47.18,8.46,42.62,87,67,2.24,48.0
okha,53.57,142.95,4.05,80,0,5.26,4.05
slave lake,55.28,-114.77,32.0,83,90,4.7,32.0
sekoma,-24.4,23.88,70.88,36,0,9.19,70.88
asfi,32.3,-9.24,55.36,58,0,7.4,55.36
saint anthony,45.02,-93.22,30.6,86,90,9.17,32.0
vieques,18.43,-65.83,75.7,74,75,4.7,80.6
khatanga,71.97,102.5,-33.97,97,0,6.82,-33.97
ponta do sol,32.67,-17.1,63.9,39,20,3.36,66.99
puerto narino,-3.77,-70.38,80.6,100,40,2.24,80.6
sao jose da coroa grande,-8.9,-35.15,81.54,77,100,9.4,81.54
pangody,65.85,74.49,-21.03,98,4,9.37,-21.03
sobolevo,54.43,31.9,31.6,98,100,3.53,31.6
san patricio,19.22,-104.7,76.59,78,100,12.1,76.59
urengoy,65.97,78.37,-22.14,100,100,3.31,-22.14
lebu,-37.62,-73.65,59.27,94,17,6.89,59.27
mujiayingzi,42.12,118.78,20.59,34,0,9.89,20.59
osa,57.28,55.46,22.1,94,100,9.89,22.1
taguatinga,-12.39,-46.57,71.47,74,0,3.4,71.47
mangla,31.89,72.38,49.32,66,0,1.61,49.32
kaitangata,-46.28,169.85,65.52,65,100,22.28,65.52
buala,-8.14,159.59,78.37,92,100,10.74,78.37
tambun,-6.26,107.07,79.68,94,75,3.36,82.99
plettenberg bay,-34.05,23.37,65.71,90,100,0.54,65.71
ketchikan,55.34,-131.65,34.75,93,90,16.11,35.6
nishihara,26.18,127.76,63.91,42,40,13.87,64.4
lagunas,-5.23,-75.68,77.05,90,99,1.66,77.05
usinsk,65.99,57.53,-4.65,98,100,2.04,-4.65
sitka,57.05,-135.33,30.2,92,90,5.82,30.2
tommot,58.96,126.29,-0.42,94,100,5.7,-0.42
otavalo,0.23,-78.27,57.2,87,75,4.7,57.2
yuryevets,57.32,43.1,17.19,96,76,4.43,17.19
upington,-28.45,21.26,82.4,34,20,28.86,82.4
deputatskiy,69.3,139.9,-18.53,90,100,5.28,-18.53
castro,-24.79,-50.01,66.88,90,1,6.11,66.88
hamilton,39.18,-84.53,35.46,98,90,0.81,37.4
sulangan,11.14,123.72,78.4,78,72,21.92,78.4
saint george,37.1,-113.58,41.09,38,1,1.41,46.4
miri,4.41,114.01,87.53,70,75,13.87,87.8
torbay,47.67,-52.73,17.62,72,90,19.46,19.0
bend,44.06,-121.32,44.56,57,1,16.11,55.4
alice springs,-23.7,133.88,89.6,55,40,4.7,89.6
ust-nera,64.57,143.2,-24.86,99,100,2.35,-24.86
borger,52.92,6.79,51.31,93,90,19.46,52.0
mirabad,30.44,61.84,46.8,46,0,9.37,46.8
watsa,3.04,29.54,68.92,71,100,1.74,68.92
qaanaaq,77.48,-69.36,-24.03,99,100,1.03,-24.03
gejiu,23.31,103.16,51.08,82,81,7.34,51.08
ambunti,-4.24,142.84,74.57,98,100,1.88,74.57
isabela,6.71,121.97,86.0,62,75,6.93,86.0
pevek,69.7,170.31,-25.58,99,22,3.56,-25.58
lavrentiya,65.58,-171.0,-8.99,97,100,7.47,-8.99
lazaro cardenas,17.96,-102.2,73.13,80,83,0.38,73.13
geraldton,-28.77,114.6,87.8,15,91,18.34,87.8
anadyr,64.75,177.48,-34.31,65,20,8.95,-34.01
bowen,-20.02,148.23,88.27,58,40,14.99,90.0
puerto ayacucho,5.66,-67.62,82.4,83,40,3.36,82.4
walvis bay,-22.96,14.51,62.8,88,66,6.93,63.0
morondava,-20.28,44.28,75.4,90,63,1.54,75.4
dingle,11.0,122.67,75.83,80,99,12.84,75.83
san rafael,-34.62,-68.33,76.41,40,67,2.89,76.41
nanortalik,60.14,-45.24,19.2,69,77,16.71,19.2
ajdabiya,30.76,20.23,60.48,65,0,3.38,60.48
moscow,55.75,37.62,30.33,100,90,6.71,32.0
clinton,42.59,-82.92,27.73,86,1,2.44,30.99
ahero,-0.17,34.92,66.2,93,75,6.93,66.2
chippewa falls,44.94,-91.39,30.11,92,90,5.82,32.0
mayskiy,47.69,40.1,32.0,91,90,6.71,32.0
yuanping,38.72,112.76,30.51,46,100,4.0,30.51
abha,18.22,42.51,54.55,82,20,11.41,55.4
ixtapa,20.7,-105.2,73.18,78,90,3.36,73.4
puerto ayora,-0.74,-90.35,77.0,14,72,1.01,77.0
mopti,14.67,-4.0,71.6,28,37,6.93,71.6
jalu,29.03,21.55,52.27,65,0,1.41,52.27
lieksa,63.32,30.02,3.42,94,90,7.0,3.42
novoagansk,61.94,76.66,-11.02,96,100,11.18,-11.02
milkovo,54.72,158.62,0.09,89,96,1.5,0.09
jinchang,38.5,102.17,23.34,32,100,7.52,23.34
natagaima,3.62,-75.09,74.25,63,25,6.67,74.25
merauke,-8.47,140.33,90.28,55,87,8.1,90.28
esperance,-33.87,121.9,69.8,43,90,11.41,69.8
yulara,-25.24,130.99,89.6,52,90,11.41,89.6
minsk,53.9,27.57,32.0,95,90,2.24,32.0
klaksvik,62.23,-6.59,33.8,86,82,13.87,33.8
ibra,22.69,58.53,58.08,80,0,1.5,58.08
axim,4.87,-2.24,76.35,95,59,0.96,76.35
yining,29.04,114.56,53.51,55,20,1.32,53.51
kamenka,51.32,42.77,32.0,96,100,3.0,32.0
ukiah,39.15,-123.21,51.82,82,1,1.95,55.4
ekhabi,53.51,142.97,4.05,80,0,5.26,4.05
lompoc,34.64,-120.46,56.43,54,1,4.9,60.8
college,64.86,-147.8,-16.37,75,90,1.36,-11.99
salinas,36.68,-121.66,55.78,76,1,3.36,59.0
norman wells,65.28,-126.83,-20.2,75,75,4.7,-20.2
westport,41.14,-73.36,35.89,90,90,3.06,39.99
melegnano,45.36,9.32,45.23,87,75,2.24,46.99
nyzhni sirohozy,46.85,34.38,37.71,94,97,8.1,37.71
touba,8.28,-7.68,67.33,17,0,1.5,67.33
hobyo,5.35,48.53,72.66,77,95,14.09,72.66
krasnaya gora,53.0,31.6,33.8,98,90,6.71,33.8
sept-iles,50.2,-66.38,1.4,77,20,4.65,1.4
provideniya,64.38,-173.3,-12.78,96,100,7.65,-12.78
pitimbu,-7.47,-34.81,80.6,83,20,1.5,80.6
ostrovnoy,68.05,39.51,-6.75,100,100,4.99,-6.75
mokhotlong,-29.29,29.07,48.04,78,0,1.19,48.04
saint-philippe,-21.36,55.77,76.86,69,25,21.92,80.6
nelson bay,-32.72,152.15,102.24,25,0,11.41,109.0
pemangkat,1.17,108.97,85.28,64,0,9.44,85.28
pokhara,28.23,83.98,55.13,67,4,0.4,55.13
guerrero negro,27.98,-114.06,65.59,38,0,5.61,65.59
mbekenyera,-10.0,38.98,68.32,96,100,2.86,68.32
rawah,34.48,41.91,43.99,53,0,20.78,43.99
sao joao da barra,-21.64,-41.05,78.12,90,100,8.39,78.12
hualmay,-11.1,-77.61,71.56,77,89,4.81,71.56
lagoa,39.05,-27.98,64.15,83,100,17.63,64.15
mecca,21.43,39.83,66.15,61,86,5.26,66.15
northam,51.03,-4.22,49.91,92,100,14.0,52.0
maraba,-5.37,-49.12,78.8,100,0,2.24,78.8
arona,28.1,-16.68,63.97,19,32,2.24,71.6
qaqortoq,60.72,-46.03,3.2,41,0,4.7,3.2
atocha,-20.93,-66.23,46.58,87,66,7.11,46.58
trairi,-3.28,-39.27,72.45,91,100,2.53,72.45
komsomolskiy,40.43,71.72,30.2,74,5,2.24,30.2
lasa,46.62,10.7,30.74,86,5,3.36,34.0
mackay,-21.15,149.2,86.65,66,0,14.99,87.01
garowe,8.41,48.48,64.27,81,99,8.46,64.27
lake city,30.19,-82.64,54.43,93,90,3.76,57.2
mount gambier,-37.83,140.77,60.8,87,100,10.29,60.8
hami,42.8,93.45,10.4,80,0,4.09,10.4
nome,64.5,-165.41,-7.6,76,90,3.36,-7.6
myitkyina,25.38,97.4,63.23,60,0,4.43,63.23
buenos aires,-34.61,-58.38,69.57,57,0,9.17,75.2
alekseyevka,50.63,38.69,30.7,90,99,9.19,30.7
sabang,5.89,95.32,81.81,77,29,16.58,81.81
port macquarie,-31.43,152.92,90.93,41,0,22.5,96.8
arman,59.7,150.17,-0.08,74,0,6.89,-0.08
batticaloa,7.71,81.69,77.92,72,26,1.32,77.92
cayenne,4.93,-52.33,78.8,78,40,6.93,78.8
barra patuca,15.8,-84.28,80.26,81,0,17.34,80.26
kapit,2.02,112.93,79.5,75,73,2.55,79.5
lander,42.83,-108.73,23.54,74,1,6.93,28.99
moulins,46.5,3.33,47.97,93,33,4.7,50.0
grand gaube,-20.01,57.66,80.11,83,75,10.29,81.0
boda,4.32,17.47,66.94,19,95,3.06,66.94
srednekolymsk,67.45,153.68,-14.93,97,100,3.83,-14.93
mayo,38.89,-76.51,36.46,93,1,2.44,39.99
awjilah,29.11,21.29,52.27,65,0,1.41,52.27
olafsvik,64.89,-23.71,30.13,79,100,17.0,30.13
gigmoto,13.78,124.39,75.51,74,44,21.16,75.51
fort nelson,58.81,-122.7,5.0,84,75,3.36,5.0
tezu,27.92,96.17,61.07,40,90,1.39,61.07
ulladulla,-35.35,150.47,103.51,35,40,14.99,108.0
nanga eboko,4.68,12.37,62.46,57,44,1.81,62.46
zhezkazgan,47.8,67.71,1.4,84,75,11.18,1.4
pagouria,41.03,25.32,39.79,62,20,5.82,44.01
miedzychod,52.6,15.9,47.77,93,20,6.93,48.2
the valley,18.22,-63.06,77.67,78,20,6.93,78.01
lokosovo,61.13,74.82,-0.02,96,100,8.37,-0.02
port hedland,-20.32,118.57,91.4,52,1,17.22,91.4
naze,28.37,129.48,62.47,41,75,10.29,64.4
margate,51.38,1.39,50.97,87,20,11.41,53.01
namatanai,-3.67,152.43,84.58,76,96,14.36,84.58
asamankese,5.86,-0.66,80.6,88,72,5.82,80.6
goldap,54.31,22.3,39.92,92,100,9.13,39.92
sistranda,63.73,8.83,39.09,69,75,11.41,39.2
labuhan,-6.88,112.21,82.06,78,100,4.68,82.06
teya,60.38,92.63,-27.45,95,33,2.28,-27.45
polovinnoye,54.79,65.99,4.19,87,64,8.66,4.19
bathsheba,13.22,-59.52,80.6,74,40,14.99,80.6
coihaique,-45.58,-72.07,60.8,63,92,3.36,60.8
mandalgovi,45.76,106.27,2.41,63,99,2.26,2.41
brae,60.4,-1.35,43.3,93,100,11.41,46.4
akdepe,42.06,59.38,26.06,85,67,2.24,30.2
umm lajj,25.02,37.27,58.32,33,0,9.53,58.32
dunedin,-45.87,170.5,62.01,81,100,20.0,62.01
san benito,16.91,-89.91,73.18,98,9,4.32,73.18
kitzingen,49.73,10.17,51.15,87,75,10.29,53.01
bonavista,48.65,-53.11,17.01,89,100,13.0,17.01
likasi,-10.98,26.73,60.12,97,100,3.2,60.12
maryville,35.76,-83.97,39.54,100,20,4.16,44.01
talara,-4.58,-81.27,73.85,92,5,11.21,73.85
nemuro,43.32,145.57,26.6,73,75,13.87,26.6
khandyga,62.67,135.6,-16.67,97,100,2.1,-16.67
umm kaddadah,13.6,26.69,54.66,28,7,12.41,54.66
chandler,33.31,-111.84,55.83,37,1,3.36,62.6
grindavik,63.84,-22.43,26.26,79,100,13.87,28.4
shelburne,44.08,-80.2,23.63,92,90,4.52,27.0
taltal,-25.4,-70.48,61.41,84,0,3.22,61.41
eureka,40.8,-124.16,50.0,93,1,1.32,51.8
kousseri,12.08,15.03,64.4,17,53,9.17,64.4
aguimes,27.91,-15.45,64.81,36,50,13.87,66.0
batemans bay,-35.72,150.18,95.16,70,16,1.01,108.0
taitung,22.76,121.14,69.8,49,40,8.05,69.8
tazovskiy,67.47,78.7,-16.44,94,5,5.48,-16.44
kuminskiy,58.67,66.57,12.29,91,100,10.45,12.29
fergus falls,46.28,-96.08,25.27,92,1,11.41,28.4
novonikolsk,43.85,131.86,24.8,41,0,6.71,24.8
pilar,-9.6,-35.96,77.0,88,40,2.24,77.0
san lorenzo,-25.33,-57.53,75.2,78,0,4.7,75.2
tilichiki,60.47,166.1,-16.83,85,0,8.7,-16.83
marshall,34.38,-86.33,44.73,80,90,3.36,48.0
susanino,58.15,41.59,11.1,97,96,2.19,11.1
codrington,-38.27,141.97,59.85,80,100,14.12,59.85
berlevag,70.86,29.09,17.01,88,69,30.96,17.01
praia,14.92,-23.51,77.0,36,0,21.92,77.0
sayyan,15.17,44.32,48.97,61,100,2.95,48.97
ternate,0.8,127.4,84.67,64,87,5.19,84.67
channel-port aux basques,47.57,-59.14,23.45,80,23,22.73,23.45
beidao,34.57,105.89,36.45,74,100,2.86,36.45
riyadh,24.69,46.72,59.0,30,29,6.93,59.0
pokaran,26.92,71.92,57.83,34,0,3.94,57.83
sendhwa,21.68,75.1,64.08,33,0,9.33,64.08
mogadishu,2.04,45.34,78.93,81,100,18.88,78.93
noumea,-22.28,166.46,90.16,49,0,12.75,91.4
sanchez,19.23,-69.61,75.2,94,20,2.48,75.2
uusikaupunki,60.8,21.41,36.32,100,90,9.17,37.0
pokosnoye,55.53,101.05,-3.98,91,100,9.4,-3.98
inhambane,-23.86,35.38,77.68,76,18,10.0,77.68
amapa,1.0,-52.0,70.21,98,100,2.59,70.21
khasan,42.43,130.64,27.5,46,33,6.98,27.5
flinders,-34.58,150.86,103.01,35,40,14.99,113.0
pontianak,-0.03,109.33,84.2,66,40,5.82,84.2
san jeronimo,-11.95,-75.28,42.46,88,100,3.22,42.46
dali,25.7,100.18,47.64,77,35,4.79,47.64
mayumba,-3.43,10.66,82.02,75,99,2.55,82.02
rundu,-17.93,19.77,68.0,72,100,1.12,68.0
kihei,20.79,-156.47,73.38,57,40,11.41,78.8
kastamonu,41.5,33.67,24.44,95,100,4.03,24.44
kabompo,-13.59,24.2,64.35,98,100,3.76,64.35
duliagaon,27.37,95.32,62.6,82,20,6.93,62.6
jiayuguan,39.82,98.3,27.52,37,100,18.03,27.52
rocha,-34.48,-54.33,57.58,87,0,5.68,57.58
kruisfontein,-34.0,24.73,61.84,92,53,2.71,61.84
quatre cocos,-20.21,57.76,79.97,83,75,10.29,81.0
muros,42.78,-9.06,57.36,100,90,9.17,61.0
dunda,-8.12,34.25,65.26,97,100,0.18,65.26
mae ramat,16.98,98.52,77.02,60,0,1.12,81.0
freeport,40.66,-73.58,37.6,93,90,3.36,41.0
werda,-25.27,23.28,72.63,37,0,7.52,72.63
nacogdoches,31.6,-94.63,42.37,93,40,3.22,48.99
flin flon,54.77,-101.86,26.15,79,0,10.87,26.15
arad,46.33,21.75,44.74,87,78,6.93,45.0
tual,-5.67,132.75,84.61,74,94,14.81,84.61
tchollire,8.4,14.17,63.82,19,89,0.18,63.82
warrington,53.39,-2.58,47.88,70,75,8.05,50.0
roald,62.58,6.13,34.56,93,90,8.05,37.99
port lincoln,-34.73,135.87,68.38,56,95,13.51,68.38
aklavik,68.22,-135.01,-29.2,66,90,3.36,-29.2
souillac,-20.52,57.52,79.84,83,75,10.29,81.0
houma,29.6,-90.72,50.2,81,1,3.36,53.01
okato,-39.2,173.88,72.75,62,0,11.99,75.99
stepnyak,52.83,70.78,4.24,68,96,7.45,4.24
zambezi,-13.54,23.1,65.61,98,100,4.45,65.61
meulaboh,4.14,96.13,81.57,73,77,2.44,81.57
coachella,33.68,-116.17,56.8,49,20,4.7,66.2
sydney,-33.87,151.21,107.69,39,0,23.04,114.01
chernyshevskiy,63.01,112.47,-20.45,92,97,7.78,-20.45
acapulco,16.86,-99.89,78.8,78,20,5.82,78.8
zhanaozen,43.3,52.8,39.72,98,100,6.51,39.72
juneau,58.3,-134.42,30.65,86,75,6.93,33.01
batsfjord,70.63,29.72,3.65,93,94,15.61,3.65
moerbeke,51.19,3.95,52.27,93,75,10.29,53.6
bintulu,3.17,113.03,86.0,70,75,5.82,86.0
lata,40.16,-8.33,57.25,100,75,8.05,60.01
tandil,-37.32,-59.13,68.97,55,2,9.62,70.0
pisco,-13.7,-76.22,72.32,88,100,6.93,73.0
gondanglegi,-7.75,112.01,81.34,77,100,5.01,81.34
stornoway,58.21,-6.39,44.6,93,100,5.82,44.6
balkhash,46.84,74.98,5.0,60,100,15.66,5.0
sioux lookout,50.1,-91.92,26.6,86,90,11.41,26.6
harrisonburg,38.45,-78.87,31.87,100,1,3.36,35.01
tokur,53.13,132.9,9.59,75,100,0.74,9.59
businga,3.33,20.88,69.26,61,74,4.25,69.26
kalemie,-5.95,29.19,63.99,96,100,2.75,63.99
grants pass,42.44,-123.33,47.1,93,1,2.17,52.0
cabra,37.47,-4.44,52.32,93,90,1.12,54.0
bakel,14.9,-12.46,73.58,13,0,9.06,73.58
narasapur,16.45,81.67,77.92,72,1,5.32,77.92
camacha,33.08,-16.33,62.44,100,75,5.82,62.6
port blair,11.67,92.75,80.13,74,57,14.92,80.13
aktau,43.65,51.2,37.4,93,90,11.18,37.4
nguruka,-5.11,31.04,63.72,96,100,3.36,63.72
chernaya kholunitsa,58.85,51.72,25.86,93,97,8.97,25.86
kovdor,67.57,30.48,-6.41,99,99,5.64,-6.41
djambala,-2.54,14.75,70.02,90,82,4.94,70.02
padang,-0.95,100.35,79.9,65,78,4.36,79.9
makakilo city,21.35,-158.09,75.83,60,1,9.17,78.8
nuuk,64.18,-51.72,12.09,78,100,10.29,12.2
kavaratti,10.57,72.64,82.4,61,40,4.7,82.4
revuca,48.68,20.12,36.72,81,40,20.8,42.8
sao filipe,14.9,-24.5,78.12,42,0,11.72,78.12
macomer,40.26,8.77,49.66,100,20,1.12,50.0
birao,10.28,22.79,61.93,16,93,9.95,61.93
sri aman,1.24,111.46,84.13,66,75,3.36,84.2
ugoofaaru,5.67,73.0,81.19,77,7,12.24,81.19
gualan,15.13,-89.37,69.73,92,26,3.02,69.73
price,39.6,-110.81,27.9,73,1,8.05,28.99
thinadhoo,0.53,72.93,81.79,71,95,13.69,81.79
suixi,33.89,116.77,47.46,53,82,4.9,47.46
chino valley,34.76,-112.45,43.63,24,1,9.17,48.0
safford,32.83,-109.71,42.21,42,1,5.82,46.99
le pradet,43.11,6.02,44.46,93,75,3.36,50.0
praya,14.92,-23.51,77.0,36,0,21.92,77.0
anchorage,61.22,-149.9,9.75,78,90,6.93,12.2
doka,13.52,35.77,65.07,31,54,7.27,65.07
itoman,26.12,127.67,63.93,42,40,13.87,64.4
el tigre,8.89,-64.25,77.9,71,0,13.69,77.9
melfi,41.0,15.65,39.02,86,90,12.75,41.0
asuncion nochixtlan,17.47,-97.23,54.68,95,71,3.44,54.68
nouadhibou,20.93,-17.03,60.8,48,0,11.41,60.8
kenai,60.55,-151.26,11.05,85,75,5.82,12.99
oskarshamn,57.26,16.45,42.84,100,100,6.93,44.01
phalombe,-15.81,35.65,61.72,95,100,3.96,61.72
comodoro rivadavia,-45.87,-67.5,73.4,27,23,19.46,73.4
bandarbeyla,9.49,50.81,76.06,70,75,18.19,76.06
bodden town,19.28,-81.25,79.23,78,20,8.05,82.0
samarai,-10.62,150.67,89.85,58,100,0.94,89.85
sampit,-2.53,112.95,85.15,65,100,3.83,85.15
kropotkin,45.44,40.58,32.04,86,0,7.56,32.04
goose creek,32.98,-80.03,42.87,100,90,5.82,44.01
karratha,-20.74,116.85,82.17,63,0,18.23,82.17
touros,-5.2,-35.46,80.6,78,40,4.7,80.6
puerto carreno,6.19,-67.49,82.4,83,40,3.36,82.4
mareeba,-17.0,145.43,87.35,55,53,10.29,89.6
katima mulilo,-17.5,24.27,68.0,100,40,4.54,68.0
kalinovskaya,43.58,45.52,32.0,94,90,6.71,32.0
kiunga,-6.12,141.29,83.35,86,100,3.13,83.35
zheleznodorozhnyy,55.75,38.0,30.38,94,90,2.24,32.0
uruzgan,32.83,66.0,9.27,56,0,9.66,9.27
birjand,32.87,59.22,32.0,44,0,11.41,32.0
maningrida,-12.07,134.27,85.57,75,97,12.26,85.57
pingliang,35.54,106.69,27.72,91,100,3.71,27.72
bima,-8.47,118.72,87.24,59,1,3.49,87.24
kigorobya,1.62,31.31,67.93,74,97,0.78,67.93
alamosa,37.47,-105.87,15.67,61,1,5.82,21.2
baruun-urt,46.68,113.28,-4.41,81,0,4.81,-4.41
roma,43.21,-75.46,29.59,80,90,3.36,30.99
los altos,37.39,-122.11,55.8,87,40,1.88,60.8
yaounde,3.87,11.52,69.8,100,40,0.87,69.8
dabakala,8.37,-4.43,70.92,19,0,3.29,70.92
forio,40.73,13.86,53.19,81,40,2.24,55.0
naryan-mar,67.67,53.09,-15.34,94,32,7.83,-15.34
mushie,-3.02,16.9,72.73,93,100,2.8,72.73
sovetskiy,61.36,63.58,7.63,95,100,7.74,7.63
vila velha,-20.33,-40.29,79.79,74,100,13.87,80.6
marzuq,14.4,46.47,58.19,61,100,1.48,58.19
emba,48.83,58.14,12.36,88,21,10.83,12.36
mehamn,71.04,27.85,9.1,96,19,19.6,9.1
san quintin,30.48,-115.95,62.04,47,0,6.44,62.04
ashtabula,41.7,-80.77,26.6,92,1,2.33,32.0
carauari,-4.88,-66.9,75.15,91,100,1.61,75.15
waipawa,-41.41,175.52,69.46,60,29,29.97,75.0
muriae,-21.13,-42.37,75.0,98,100,1.01,75.0
san cristobal,7.77,-72.22,80.6,69,20,4.7,80.6
nhulunbuy,-12.23,136.77,89.6,62,40,12.75,89.6
mandera,3.94,41.87,78.82,47,94,10.89,78.82
mount pleasant,32.79,-79.86,42.89,100,90,5.82,44.01
sakaiminato,35.55,133.23,47.23,52,75,4.7,48.2
bambanglipuro,-7.95,110.28,84.97,67,71,5.91,84.97
barranca,-10.75,-77.77,71.28,92,48,12.21,71.28
pendra,22.77,81.95,55.87,45,0,5.17,55.87
puerto penasco,31.32,-113.53,66.99,23,0,8.99,66.99
olga,43.74,135.29,24.21,60,0,2.91,24.21
jeremie,18.65,-74.12,67.19,81,0,2.71,67.19
altay,47.87,88.12,4.1,39,0,4.27,4.1
gizo,-8.1,156.84,80.62,82,100,2.71,80.62
hukuntsi,-24.0,21.75,72.82,33,0,12.3,72.82
ileza,61.05,43.9,-0.89,98,100,1.81,-0.89
malinovoye ozero,51.68,79.78,-3.48,82,31,7.81,-3.48
moron,-34.65,-58.62,69.39,53,0,4.7,75.2
narsaq,60.92,-46.05,3.2,41,0,4.7,3.2
ushtobe,45.25,77.98,13.78,62,77,0.54,13.78
taoudenni,22.68,-3.98,57.45,16,0,6.2,57.45
fallon,39.47,-118.78,38.82,80,40,8.05,39.2
dauphin,51.15,-100.05,28.4,79,1,21.92,28.4
rawson,-43.3,-65.1,63.64,69,35,7.81,63.64
general roca,-39.03,-67.58,78.8,36,0,5.82,78.8
kuching,1.55,110.33,84.13,74,75,9.17,84.2
greenwood,34.17,-82.12,38.19,100,90,8.05,39.2
karatau,43.17,70.47,34.5,46,100,5.86,34.5
zemio,5.03,25.14,63.37,32,41,5.12,63.37
singleton,-32.57,151.18,108.41,25,0,11.41,116.01
katangli,51.71,143.23,9.68,89,57,2.28,9.68
lahaina,20.88,-156.68,73.62,64,40,17.22,78.8
surgut,61.25,73.42,-4.0,76,90,11.18,-4.0
carutapera,-1.2,-46.02,80.78,78,93,14.32,80.78
la tijera,19.9,-104.4,53.31,84,100,1.36,53.31
santa lucia,27.91,-15.54,64.83,36,50,13.87,66.0
sungaipenuh,-2.08,101.38,70.72,79,97,4.0,70.72
fernandopolis,-20.28,-50.25,70.93,91,71,1.36,70.93
boguchany,58.38,97.45,-17.63,98,75,3.27,-17.63
black river,18.03,-77.85,77.36,78,20,4.7,78.8
mezen,65.85,44.24,-19.43,98,4,4.59,-19.43
xichang,27.9,102.26,34.14,93,94,4.99,34.14
kaitong,44.81,123.15,16.47,73,0,13.71,16.47
